<?xml version="1.0"?>
<opencv_storage>
<intrinsic type_id="opencv-matrix">
  <rows>3</rows>
  <cols>3</cols>
  <dt>d</dt>
  <data>
    1.0151457840652196e+03 0. 6.3825193310708744e+02 0.
    1.0161216880923702e+03 3.4632369228864167e+02 0. 0. 1.</data></intrinsic>
<distortion type_id="opencv-matrix">
  <rows>1</rows>
  <cols>5</cols>
  <dt>d</dt>
  <data>
    -1.7262180832348456e-02 3.0964668674981588e-01
    -9.5306947041487403e-03 1.0267400335142984e-02
    -4.1971091292628165e-01</data></distortion>
</opencv_storage>
