<?xml version="1.0"?>
<opencv_storage>
<intrinsic type_id="opencv-matrix">
  <rows>3</rows>
  <cols>3</cols>
  <dt>d</dt>
  <data>
    6.2551547643458036e+02 0. 3.3151881289657030e+02 0.
    6.2323650164324056e+02 2.3519081406558880e+02 0. 0. 1.</data></intrinsic>
<distortion type_id="opencv-matrix">
  <rows>1</rows>
  <cols>5</cols>
  <dt>d</dt>
  <data>
    1.5742528470703787e-01 -1.5499135622352062e-01
    7.7497505444655253e-03 7.1385912153028482e-03
    -1.0886710308272101e+00</data></distortion>
</opencv_storage>
